6016865729738494941442602148607082817504174614965563957579879879581741602591349620842302212080318528
2305259538878026810950028560391376091244044689389818529415413532773126634596156959516222860429020724
7089712666647695483167221068284633516057165164578985448367317582133124934203512445186432247328406878
5606618363585377654793881594186300531059629745232070359002429201400146640412564199350976336569098300
6388106876997216094504083321024689999719728224090435719234849240410988279804089384245381488246150974
4592284543742114418522807786749614799991008416257843787667863165773447023728428983019037890540712267
9811355370120711043651822914424477548020838322561455785400983209359341690587925914747331277095867996
3944591175293182018597243426713225590296892091835589698617590562078858541087864110224859786886475242
4499250864585478788585674978023191445951867420897693286628981237552991313016905599419109909025599763
4572154489766182858464820309067045835939324394566324193763599012079326620424916993538588864303526734
4148755613526254256449349815896344508848219508762256131549683849213665979948386298775401897744315768
3870347826333904666624572833494391636327963567378032485723698189254363828717957417768791280557216228
3997530122169845930477989288893530772436045176884521498596680312367334293591151713834494058935990131
8713872034042717194201851904334624146284009161295169326772482243470270867020928790561805241851746735
8984324088475384485840717375625947462486649543300409406544737804084313266371946355447611856320249116
7441525596074241720219367241189768774490478287937578972954143368491389591323331423062521814136765960
5908030561267421656888480563619659820473249481188283839753428134312260638269751519542466104509604664
4374125788655255250719786618271998911952983366456824270543482357305475299631119477348868601359888260
6424651311590257198859695187464475879147825507938140661086819900032343291661704124565439853847985337
7640628884451270238591889218432890517792170483279570299510794216863217225535469887970524331167988821
4446551323117231401854894477235634314480519693063234073847430474455288025385626943959719576810399584
0843796032250941206205476455372156473652623530923867934988900379860327094362870517835303047330534330
9649365940986825464127147087680482612164162856627712779370314714649799391895056234744194072240373363
9016910356097100449592021322218553060847548299672009243733476384732808718540085811503587479157085443
9428289672542676157195568117122517804629803163880222703828588963348749537222552814577507348948787331
8274143757159543257160768743951264144514142219799993908210598212398836954265319724174511332566769530
3400766540195367210342472366730160328423205995312154213293183076469793609677600043974356541449525758
4829599015564156956625796842212083788385745713248548261787602529066503070606618042231733158391672911
8231746445003521359944337261649569958820178899901265540149019726019451967357091326892084851345652252
8741394344840778622410532460579530347080806960460687655573278814861966957225253040211897080465518676
8347772762317941747763843340611261310157286576808148210766010098213713099410928594584878705267798178
9188024520645614313191014388844418593021612218807524985453850067265840610747141087504531951850855870
4512537376948761218249822418553497739066314995690399906276864577727081691958425562515526603777725581
1496626254873580760816697318234744758053101730798504424333065521582893665563546733087510769420248516
9098875337274202346198686655236930037394988989289880626881642108465773366025216534386225679436355483
4486312432269635255798142854767569769161416303845789263207122986985549884566308972232182963506032974
1280854126676644674891489835003513844514479175556353213474671803886730081789079568740287503521122877
3113904015469649142937635955211704071683110903903713621749939535053808740303482800535212471744024436
8018042739853537829011245066364167078626866913864226716148583387932802421862545473983831145559634104
6680973840768437402919358807484710883327002685080053841834484379986575253167768158390721802821965467
2023618279886745074105866787171819045566218887820741186951842456006695846510923379339394271944732422
0199835414178407486352362444319351493071355206512595835107709925607220568996677859925705870445478187
2381774381597177981497821329435085614823090293905213521004514796408850922704000173191695695159318022
7186218478387454256497781047181600019091147115529859406153217150232083509582701863192936540581225016
3076895301198558730427813235362381031616799726222956746453285695082704073876549432100765684051543022
2034049571591614007669221807796391947033066339384167988976814156317049848757554075681815042323279814
3676126884016755582104485280852624434676030140310679918381435652318240634463776547952887294724257715
3634965386105271961821637467208640370192687835361789147901611718311312452902465363859597886462020938
0841175858278460130659875865270527939562936463870339342802155016881560988974013391359000340080322981
1514542431296848332824312153068589905274348129254772975032348313086145259680855175692658865040911866
6147220329300062902151510421753930766883702456248865037817625425727333990062609599693105015488424046
0189453806764621120533513262069625412869045452857699767631690788984784527688414894109187931710530778
4858322947790002641937861628866224485709024686373212296744302436023555883922810353227476209645921488
3835671646045592639727129050840587136514785431988362134735022547241454678099524155597444484941181264
5584726343830021600532208325114122037203611993144888166358035303112683534161919450643993713671792621
4998783238201631690773946047572120481227089886408996957030659027390534322888998455642080052574083502
8424703024494363828627072831476862039516246260427185822273218151008882567691157071095925836941623000
9212739566187131659034325341575562724516593122404687835724537736594164285345568320741647910815778482
2754550234672939413154801272830880708562692534386086707785652384085839752559398077201221194045039294
8076238732330349525642259461148444316804933551001022737360362334108029050368257278252586186572642686
8207293553178740274600447666900469786751017019089671118328510515445106040996377192584189224476808959
6942127181685287590297273965503410364682529481008298851079341075489167701037198763083814320026630397
9864366554371692040648460490575417413616922799428076538524047538323647655534476174607021004802317327
5267444398037007617187284838762909540124639567131668513556588991319944605903280747243872822107176976
6778423917157391772274374765448678091761431466469179786854724688463118525923059536483797338904074764
8111922328329257924692717407881259551061692890148541487484130300712215871820137544805372786121942863
6764552415041618607721568191553500313910394105681627210745831902652438225525429131500402065163480556
5068010274030245567353862877311153908533347921486035372157487283248448033239618606607112474172955850
3198622672027845438681105607318437773202182409385016119423076871307422683239432775808723010081891923
9508149944393652921900827062406225172858591705708321474618626950374826241738434326536114800900828212
9994078340988349073021346351146204723279087115128770100250671971485984992520970704467863772590987489
5100838507015734532455510416954384679122551808129961010752078504052200100763672486223104834561427591
9633750658578473847720691076511654946618932567206751513524014826113201604663581075171708517157319330
9466238183693227830949836135688250517392576551920466010447974619762656596533176043733999389228696628
6665856784864368733774282372292515851191876666871234542280711922940225251345622623034679265147093527
2018233464316830307020223708570221896103731656749527026827702412692127076199446233658576654295952506
1798317498485538337849670584379188558102727474605017666309129234935585896663995949471766610376721474
7081406416163418636549202060673887283022997802940989155064870608672156376084989794081707739466729902
8361874671727892521355220412051321618776851462648864196996354813402777234098524857911810070223327285
9872859558740219845011388951807485397159865354140285002585158112198935875836663973619948633806381760
7801522057978987650814195782752569283609353392095810729990667391920311075606369190159140479044221221
3585013387002213030909206374858980987511754907620166025129280195321382434713255899171437105792534450
8244899382173540607318506540667792786929754950474501181264405073313504529649823907363750787382854755
5050719614856059910694765335618150186653892438476252807067245618542603450782975230748990212462013933
5888012673114120696970484358962695787149620798043108934648206793349440763093905683390801410712725343
8860265298589759896055729024697742646116040468080540027945177343306003430707280659283070675714878706
0010635024186127909582545266834808466149057225237863298459683436886836186621756387046733236950432008
1776037512596804683165166928176115907883871978031507875312972094934084043920115912669612153876233412
3062210754025180559795802339550946782601200678212516518729612394724293589668596176994615525421560943
0668981493643524530466917407024079905012030350194313244911569816273256848837649822656583104572706182
6227466538701904970563052053879208857292751222275215075843139089703682317523452779055167039671661298
9269192535623235533780563868260266222527966127982307658435049398591471260100467311807525176670544942
8195791141284018222547158297174543533916548182860715590875414913377170716736345942515995818565085378
7075803102516368546041872515122670041680436407864827604604811111585457673511545583083265433238576864
1882115756200098756975657490794538223922034112878740517685912130578382963526421999222435326144137435
4404520548504463140423190945545893503128207309253934237771926685522664656810755768486023476913379745
9615399147428433297096358675430011797003831613691322702405011801912277817225670414826799201329327880
7896300883812878224226195552759213930489813071099418640833066803164558900790375578982390555166546603
7053199613179296778330418976622786521861723597337736537551213042179277621327731819798006040785254874
6888279061396204404169048599259623700807718148736536038311604410198103430408575392478432713120101874
